255 255 255 255 255 255 255 255 255 255 255 255 255 255 255 255
255 255 255 255 255 255 255 255 255 255 255 255 255 255 255 255
255 255   0   0   0   0   0   0   0   0   0   0   0   0 255 255
255 255   0   0   0   0   0   0   0   0   0   0   0   0 255 255
255 255   0   0   0   0   0   0   0   0   0   0   0   0 255 255
255 255   0   0   0 255 255 255 255 255 255   0   0   0 255 255
255 255   0   0   0 255   0   0 255 255 255   0   0   0 255 255
255 255   0   0   0 255   0   0 255 255 255   0   0   0 255 255
255 255   0   0   0 255   0   0 255 255 255   0   0   0 255 255
255 255   0   0   0 255 255 255 255   0 255   0   0   0 255 255
255 255   0   0   0 255 255 255 255 243 255   0   0   0 255 255
255 255   0   0   0   0   0   0   0   0   0   0   0   0 255 255
255 255   0   0   0   0   0   0   0   0   0   0   0   0 255 255
255 255   0   0   0   0   0   0   0   0   0   0   0   0 255 255
255 255 255 255 255 255 255 255 255 255 255 255 255 255 255 255
255 255 255 255 255 255 255 255 255 255 255 255 255 255 255 255
255 255 255 255 255 255 255 255 255 255 255 255 255 255 255 255
255 255 255 255 255 255 255 255 255 255 255 255 255 255 255 255
255 255   0   0   0   0   0   0   0   0   0   0   0   0 255 255
255 255   0   0   0   0   0   0   0   0   0   0   0   0 255 255
255 255   0   0   0   0   0   0   0   0   0   0   0   0 255 255
255 255   0   0   0 255 255 255 255 255 255   0   0   0 255 255
255 255   0   0   0 255   0   0 255 255 255   0   0   0 255 255
255 255   0   0   0 255   0   0 255 255 255   0   0   0 255 255
255 255   0   0   0 255   0   0 255 255 255   0   0   0 255 255
255 255   0   0   0 255 255 255 255   0 255   0   0   0 255 255
255 255   0   0   0 255 255 255 255 243 255   0   0   0 255 255
255 255   0   0   0   0   0   0   0   0   0   0   0   0 255 255
255 255   0   0   0   0   0   0   0   0   0   0   0   0 255 255
255 255   0   0   0   0   0   0   0   0   0   0   0   0 255 255
255 255 255 255 255 255 255 255 255 255 255 255 255 255 255 255
255 255 255 255 255 255 255 255 255 255 255 255 255 255 255 255
255 255 255 255 255 255 255 255 255 255 255 255 255 255 255 255
255 255 255 255 255 255 255 255 255 255 255 255 255 255 255 255
255 255   0   0   0   0   0   0   0   0   0   0   0   0 255 255
255 255   0   0   0   0   0   0   0   0   0   0   0   0 255 255
255 255   0   0   0   0   0   0   0   0   0   0   0   0 255 255
255 255   0   0   0 255 255 255 255 255 255   0   0   0 255 255
255 255   0   0   0 255   0   0 255 255 255   0   0   0 255 255
255 255   0   0   0 255   0   0 255 255 255   0   0   0 255 255
255 255   0   0   0 255   0   0 255 255 255   0   0   0 255 255
255 255   0   0   0 255 255 255 255   0 255   0   0   0 255 255
255 255   0   0   0 255 255 255 255 243 255   0   0   0 255 255
255 255   0   0   0   0   0   0   0   0   0   0   0   0 255 255
255 255   0   0   0   0   0   0   0   0   0   0   0   0 255 255
255 255   0   0   0   0   0   0   0   0   0   0   0   0 255 255
255 255 255 255 255 255 255 255 255 255 255 255 255 255 255 255
255 255 255 255 255 255 255 255 255 255 255 255 255 255 255 255

255 255 255 255 255 255 255 255 255 255 255 255 255 255 255 255
255 255 255 255 255 255 255 255 255 255 255 255 255 255 255 255
255 255   0   0   0   0   0   0   0   0   0   0   0   0 255 255
255 255   0   0   0   0   0   0   0   0   0   0   0   0 255 255
255 255   0   0   0   0   0   0   0   0   0   0   0   0 255 255
255 255   0   0   0 255 255 255 255 255 255   0   0   0 255 255
255 255   0   0   0 255 255 255 255   0 243   0   0   0 255 255
255 255   0   0   0 255 255 255 255 255 255   0   0   0 255 255
255 255   0   0   0 255   0   0   0 255 255   0   0   0 255 255
255 255   0   0   0 255   0   0   0 255 255   0   0   0 255 255
255 255   0   0   0 255 255 255 255 255 255   0   0   0 255 255
255 255   0   0   0   0   0   0   0   0   0   0   0   0 255 255
255 255   0   0   0   0   0   0   0   0   0   0   0   0 255 255
255 255   0   0   0   0   0   0   0   0   0   0   0   0 255 255
255 255 255 255 255 255 255 255 255 255 255 255 255 255 255 255
255 255 255 255 255 255 255 255 255 255 255 255 255 255 255 255
255 255 255 255 255 255 255 255 255 255 255 255 255 255 255 255
255 255 255 255 255 255 255 255 255 255 255 255 255 255 255 255
255 255   0   0   0   0   0   0   0   0   0   0   0   0 255 255
255 255   0   0   0   0   0   0   0   0   0   0   0   0 255 255
255 255   0   0   0   0   0   0   0   0   0   0   0   0 255 255
255 255   0   0   0 255 255 255 255 255 255   0   0   0 255 255
255 255   0   0   0 255 255 255 255   0 243   0   0   0 255 255
255 255   0   0   0 255 255 255 255 255 255   0   0   0 255 255
255 255   0   0   0 255   0   0   0 255 255   0   0   0 255 255
255 255   0   0   0 255   0   0   0 255 255   0   0   0 255 255
255 255   0   0   0 255 255 255 255 255 255   0   0   0 255 255
255 255   0   0   0   0   0   0   0   0   0   0   0   0 255 255
255 255   0   0   0   0   0   0   0   0   0   0   0   0 255 255
255 255   0   0   0   0   0   0   0   0   0   0   0   0 255 255
255 255 255 255 255 255 255 255 255 255 255 255 255 255 255 255
255 255 255 255 255 255 255 255 255 255 255 255 255 255 255 255
255 255 255 255 255 255 255 255 255 255 255 255 255 255 255 255
255 255 255 255 255 255 255 255 255 255 255 255 255 255 255 255
255 255   0   0   0   0   0   0   0   0   0   0   0   0 255 255
255 255   0   0   0   0   0   0   0   0   0   0   0   0 255 255
255 255   0   0   0   0   0   0   0   0   0   0   0   0 255 255
255 255   0   0   0 255 255 255 255 255 255   0   0   0 255 255
255 255   0   0   0 255 255 255 255   0 243   0   0   0 255 255
255 255   0   0   0 255 255 255 255 255 255   0   0   0 255 255
255 255   0   0   0 255   0   0   0 255 255   0   0   0 255 255
255 255   0   0   0 255   0   0   0 255 255   0   0   0 255 255
255 255   0   0   0 255 255 255 255 255 255   0   0   0 255 255
255 255   0   0   0   0   0   0   0   0   0   0   0   0 255 255
255 255   0   0   0   0   0   0   0   0   0   0   0   0 255 255
255 255   0   0   0   0   0   0   0   0   0   0   0   0 255 255
255 255 255 255 255 255 255 255 255 255 255 255 255 255 255 255
255 255 255 255 255 255 255 255 255 255 255 255 255 255 255 255

255 255 255 255 255 255 255 255 255 255 255 255 255 255 255 255
255 214 153 153 153 153 153 153 153 153 153 153 153 153 214 255
255 153   0   0   0   0   0   0   0   0   0   0   0   0 153 255
255 153   0   0   0   0   0   0   0   0   0   0   0   0 153 255
255 153   0   0  10  51  51  51  51  51  51  10   0   0 153 255
255 153   0   0  51 235 161 254 255 255 255  51   0   0 153 255
255 153   0   0  51 159   2 242 255 255 255  50   0   0 153 255
255 153   0   0  51 248 205 245  86  83 242  51   0   0 153 255
255 153   0   0  51 255 255 164   0   0 156  51   0   0 153 255
255 153   0   0  51 255 255 190   0   0 182  51   0   0 153 255
255 153   0   0  51 255 255 255 174 171 254  51   0   0 153 255
255 153   0   0  10  51  51  51  51  51  51  10   0   0 153 255
255 153   0   0   0   0   0   0   0   0   0   0   0   0 153 255
255 153   0   0   0   0   0   0   0   0   0   0   0   0 153 255
255 214 153 153 153 153 153 153 153 153 153 153 153 153 214 255
255 255 255 255 255 255 255 255 255 255 255 255 255 255 255 255
255 255 255 255 255 255 255 255 255 255 255 255 255 255 255 255
255 214 153 153 153 153 153 153 153 153 153 153 153 153 214 255
255 153   0   0   0   0   0   0   0   0   0   0   0   0 153 255
255 153   0   0   0   0   0   0   0   0   0   0   0   0 153 255
255 153   0   0  10  51  51  51  51  51  51  10   0   0 153 255
255 153   0   0  51 235 161 254 255 255 255  51   0   0 153 255
255 153   0   0  51 159   2 242 255 255 255  50   0   0 153 255
255 153   0   0  51 248 205 245  86  83 242  51   0   0 153 255
255 153   0   0  51 255 255 164   0   0 156  51   0   0 153 255
255 153   0   0  51 255 255 190   0   0 182  51   0   0 153 255
255 153   0   0  51 255 255 255 174 171 254  51   0   0 153 255
255 153   0   0  10  51  51  51  51  51  51  10   0   0 153 255
255 153   0   0   0   0   0   0   0   0   0   0   0   0 153 255
255 153   0   0   0   0   0   0   0   0   0   0   0   0 153 255
255 214 153 153 153 153 153 153 153 153 153 153 153 153 214 255
255 255 255 255 255 255 255 255 255 255 255 255 255 255 255 255
255 255 255 255 255 255 255 255 255 255 255 255 255 255 255 255
255 214 153 153 153 153 153 153 153 153 153 153 153 153 214 255
255 153   0   0   0   0   0   0   0   0   0   0   0   0 153 255
255 153   0   0   0   0   0   0   0   0   0   0   0   0 153 255
255 153   0   0  10  51  51  51  51  51  51  10   0   0 153 255
255 153   0   0  51 235 161 254 255 255 255  51   0   0 153 255
255 153   0   0  51 159   2 242 255 255 255  50   0   0 153 255
255 153   0   0  51 248 205 245  86  83 242  51   0   0 153 255
255 153   0   0  51 255 255 164   0   0 156  51   0   0 153 255
255 153   0   0  51 255 255 190   0   0 182  51   0   0 153 255
255 153   0   0  51 255 255 255 174 171 254  51   0   0 153 255
255 153   0   0  10  51  51  51  51  51  51  10   0   0 153 255
255 153   0   0   0   0   0   0   0   0   0   0   0   0 153 255
255 153   0   0   0   0   0   0   0   0   0   0   0   0 153 255
255 214 153 153 153 153 153 153 153 153 153 153 153 153 214 255
255 255 255 255 255 255 255 255 255 255 255 255 255 255 255 255

255 255 255 255 255 255 255 255 255 255 255 255 255 255 255 255
255 214 153 153 153 153 153 153 153 153 153 153 153 153 214 255
255 153   0   0   0   0   0   0   0   0   0   0   0   0 153 255
255 153   0   0   0   0   0   0   0   0   0   0   0   0 153 255
255 153   0   0  10  51  50  51  51  51  51  10   0   0 153 255
255 153   0   0  51 255 255 242 156 182 254  51   0   0 153 255
255 153   0   0  51 255 255  83   0   0 171  51   0   0 153 255
255 153   0   0  51 255 255  86   0   0 174  51   0   0 153 255
255 153   0   0  51 254 242 245 164 190 255  51   0   0 153 255
255 153   0   0  51 161   2 205 255 255 255  51   0   0 153 255
255 153   0   0  51 235 159 248 255 255 255  51   0   0 153 255
255 153   0   0  10  51  51  51  51  51  51  10   0   0 153 255
255 153   0   0   0   0   0   0   0   0   0   0   0   0 153 255
255 153   0   0   0   0   0   0   0   0   0   0   0   0 153 255
255 214 153 153 153 153 153 153 153 153 153 153 153 153 214 255
255 255 255 255 255 255 255 255 255 255 255 255 255 255 255 255
255 255 255 255 255 255 255 255 255 255 255 255 255 255 255 255
255 214 153 153 153 153 153 153 153 153 153 153 153 153 214 255
255 153   0   0   0   0   0   0   0   0   0   0   0   0 153 255
255 153   0   0   0   0   0   0   0   0   0   0   0   0 153 255
255 153   0   0  10  51  50  51  51  51  51  10   0   0 153 255
255 153   0   0  51 255 255 242 156 182 254  51   0   0 153 255
255 153   0   0  51 255 255  83   0   0 171  51   0   0 153 255
255 153   0   0  51 255 255  86   0   0 174  51   0   0 153 255
255 153   0   0  51 254 242 245 164 190 255  51   0   0 153 255
255 153   0   0  51 161   2 205 255 255 255  51   0   0 153 255
255 153   0   0  51 235 159 248 255 255 255  51   0   0 153 255
255 153   0   0  10  51  51  51  51  51  51  10   0   0 153 255
255 153   0   0   0   0   0   0   0   0   0   0   0   0 153 255
255 153   0   0   0   0   0   0   0   0   0   0   0   0 153 255
255 214 153 153 153 153 153 153 153 153 153 153 153 153 214 255
255 255 255 255 255 255 255 255 255 255 255 255 255 255 255 255
255 255 255 255 255 255 255 255 255 255 255 255 255 255 255 255
255 214 153 153 153 153 153 153 153 153 153 153 153 153 214 255
255 153   0   0   0   0   0   0   0   0   0   0   0   0 153 255
255 153   0   0   0   0   0   0   0   0   0   0   0   0 153 255
255 153   0   0  10  51  50  51  51  51  51  10   0   0 153 255
255 153   0   0  51 255 255 242 156 182 254  51   0   0 153 255
255 153   0   0  51 255 255  83   0   0 171  51   0   0 153 255
255 153   0   0  51 255 255  86   0   0 174  51   0   0 153 255
255 153   0   0  51 254 242 245 164 190 255  51   0   0 153 255
255 153   0   0  51 161   2 205 255 255 255  51   0   0 153 255
255 153   0   0  51 235 159 248 255 255 255  51   0   0 153 255
255 153   0   0  10  51  51  51  51  51  51  10   0   0 153 255
255 153   0   0   0   0   0   0   0   0   0   0   0   0 153 255
255 153   0   0   0   0   0   0   0   0   0   0   0   0 153 255
255 214 153 153 153 153 153 153 153 153 153 153 153 153 214 255
255 255 255 255 255 255 255 255 255 255 255 255 255 255 255 255
